0.0100000	1514083257042248062616993792.0000000	180407577431791227633271550420501837934239940608.0000000	34196483238677518898692096.0000000	-12407082795012236710127287513811100418197044262814889395208407662723072.0000000
23	0.2611096	0.2737967	0.0016935
0.0600000	27.8308651	0.3102963	0.3285593	0.0016963
0.0700000	32.4590112	0.3584728	0.3833231	0.0016991
0.0800000	37.0842138	0.4056397	0.4380880	0.0017020
0.0900000	41.7064759	0.4517977	0.4928541	0.0017048
0.1000000	46.3258008	0.4969475	0.5476215	0.0017077
0.1100000	50.9421914	0.5410897	0.6023901	0.0017105
0.1200000	55.5556510	0.5842250	0.6571599	0.0017134
0.1300000	60.1661825	0.6263540	0.7119310	0.0017162
0.1400000	64.7737890	0.6674774	0.7667034	0.0017191
0.1500000	69.3784736	0.7075957	0.8214772	0.0017219
0.1600000	73.9802395	0.7467098	0.8762523	0.0017248
0.1700000	78.5790896	0.7848201	0.9310287	0.0017277
0.1800000	83.1750271	0.8219275	0.9858065	0.0017305
0.1900000	87.7680550	0.8580324	1.0405857	0.0017334
0.2000000	92.3581763	0.8931356	1.0953664	0.0017362
0.2100000	96.9453942	0.9272377	1.1501485	0.0017390
0.2200000	101.5297116	0.9603394	1.2049320	0.0017417
0.2300000	106.1111317	0.9924412	1.2597170	0.0017445
0.2400000	110.6896573	1.0235439	1.3145034	0.0017473
0.2500000	115.2652917	1.0536480	1.3692913	0.0017501
0.2600000	119.8380378	1.0827543	1.4240806	0.0017529
0.2700000	124.4078986	1.1108633	1.4788715	0.0017557
0.2800000	128.9748772	1.1379757	1.5336638	0.0017585
0.2900000	133.5389766	1.1640921	1.5884576	0.0017612
0.3000000	138.1001998	1.1892131	1.6432529	0.0017640
0.3100000	142.6585499	1.2133395	1.6980498	0.0017668
0.3200000	147.2140297	1.2364718	1.7528481	0.0017697
0.3300000	151.7666424	1.2586106	1.8076480	0.0017725
0.3400000	156.3163909	1.2797567	1.8624494	0.0017753
0.3500000	160.8632782	1.2999106	1.9172524	0.0017781
0.3600000	165.4073073	1.3190729	1.9720569	0.0017809
0.3700000	169.9484812	1.3372443	2.0268629	0.0017837
0.3800000	174.4868029	1.3544254	2.0816706	0.0017865
0.3900000	179.0222754	1.3706169	2.1364798	0.0017894
0.4000000	183.5549015	1.3858194	2.1912906	0.0017922
0.4100000	188.0846844	1.4000334	2.2461029	0.0017950
0.4200000	192.6116269	1.4132597	2.3009169	0.0017979
0.4300000	197.1357320	1.4254988	2.3557325	0.0018007
0.4400000	201.6570028	1.4367513	2.4105497	0.0018036
0.4500000	206.1754420	1.4470180	2.4653685	0.0018064
0.4600000	210.6910527	1.4562994	2.5201889	0.0018092
0.4700000	215.2038379	1.4645961	2.5750110	0.0018121
0.4800000	219.7138004	1.4719087	2.6298347	0.0018150
0.4900000	224.2209431	1.4782379	2.6846600	0.0018178
0.5000000	228.7252692	1.4835843	2.7394870	0.0018207
0.5100000	233.2267813	1.4879486	2.7943157	0.0018235
0.5200000	237.7254826	1.4913312	2.8491461	0.0018264
0.5300000	242.2213758	1.4937329	2.9039781	0.0018293
0.5400000	246.7144640	1.4951542	2.9588119	0.0018321
0.5500000	251.2047499	1.4955958	3.0136473	0.0018350
0.5600000	255.6922366	1.4950582	3.0684844	0.0018379
0.5700000	260.1769270	1.4935422	3.1233233	0.0018408
0.5800000	264.6588238	1.4910482	3.1781638	0.0018437
0.5900000	269.1379301	1.4875769	3.2330061	0.0018466
0.6000000	273.6142487	1.4831290	3.2878502	0.0018494
0.6100000	278.0877825	1.4777050	3.3426960	0.0018523
0.6200000	282.5585344	1.4713055	3.3975435	0.0018552
0.6300000	287.0265072	1.4639312	3.4523928	0.0018581
0.6400000	291.4917039	1.4555826	3.5072438	0.0018610
0.6500000	295.9541273	1.4462603	3.5620966	0.0018639
0.6600000	300.4137802	1.4359650	3.6169513	0.0018669
0.6700000	304.8706656	1.4246973	3.6718077	0.0018698
0.6800000	309.3247863	1.4124577	3.7266658	0.0018727
0.6900000	313.7761451	1.3992468	3.7815258	0.0018756
0.7000000	318.2247449	1.3850653	3.8363877	0.0018785
0.7100000	322.6705886	1.3699138	3.8912513	0.0018815
0.7200000	327.1136789	1.3537928	3.9461168	0.0018844
0.7300000	331.5540188	1.3367030	4.0009841	0.0018873
0.7400000	335.9916110	1.3186450	4.0558532	0.0018902
0.7500000	340.4264584	1.2996192	4.1107242	0.0018932
0.7600000	344.8585638	1.2796264	4.1655970	0.0018961
0.7700000	349.2879300	1.2586672	4.2204717	0.0018991
0.7800000	353.7145599	1.2367420	4.2753483	0.0019020
0.7900000	358.1384563	1.2138516	4.3302268	0.0019050
0.8000000	362.5596219	1.1899965	4.3851072	0.0019079
0.8100000	366.9780596	1.1651773	4.4399894	0.0019109
0.8200000	371.3937722	1.1393946	4.4948736	0.0019138
0.8300000	375.8067625	1.1126490	4.5497596	0.0019168
0.8400000	380.2170333	1.0849410	4.6046476	0.0019198
0.8500000	384.6245873	1.0562713	4.6595376	0.0019227
0.8600000	389.0294274	1.0266405	4.7144294	0.0019257
0.8700000	393.4315563	0.9960490	4.7693232	0.0019287
0.8800000	397.8309768	0.9644976	4.8242189	0.0019317
0.8900000	402.2276918	0.9319868	4.8791166	0.0019346
0.9000000	406.6217039	0.8985171	4.9340163	0.0019376
0.9100000	411.0130159	0.8640892	4.9889179	0.0019406
0.9200000	415.4016306	0.8287037	5.0438215	0.0019436
0.9300000	419.7875508	0.7923611	5.0987271	0.0019466
0.9400000	424.1707791	0.7550620	5.1536347	0.0019496
0.9500000	428.5513185	0.7168069	5.2085443	0.0019526
0.9600000	432.9291715	0.6775966	5.2634559	0.0019556
0.9700000	437.3043410	0.6374314	5.3183696	0.0019586
0.9800000	441.6768297	0.5963121	5.3732852	0.0019616
0.9900000	446.0466403	0.5542392	5.4282029	0.0019646
1.0000000	450.4137755	0.5112132	5.4831226	0.0019676
1.0100000	454.7782382	0.4672348	5.5380444	0.0019707
1.0200000	459.1400310	0.4223045	5.5929682	0.0019737
1.0300000	463.4991566	0.3764228	5.6478941	0.0019767
1.0400000	467.8556177	0.3295905	5.7028220	0.0019797
1.0500000	472.2094171	0.2818079	5.7577521	0.0019828
1.0600000	476.5605575	0.2330758	5.8126842	0.0019858
1.0700000	480.9090416	0.1833946	5.8676184	0.0019888
1.0800000	485.2548721	0.1327649	5.9225547	0.0019919
1.0900000	489.5980516	0.0811874	5.9774931	0.0019949
1.1000000	493.9385829	0.0286625	6.0324336	0.0019980
1.1100000	498.2764687	-0.0248092	6.0873762	0.0020010
